rate=1.900000
lanecount=4.666666
environment=testin


